52002
52002
52002
52002
52002
52002
52002
52002
52002
52002
52002
60122
60122
52002
52002
52002
52002
52002
52002
52002
52002
52002
52002
52002
52002
52002
52002
52002
52002
52002
52002
52002
52002
52002
52002
52002
52002
19007
19007
19007
19007
19008
19007
19008
52002
52002
52002
52002
52002
52002
52002
52002
52002
52002
52002
52002
52002
52002
52002
52002
52002
52002
52002
52002
52002
52002
52002
52002
52002
52002
52002
52002
52002
52002
52002
52002
52002
52002
19007
19008
19007
19008
19007
19007
19007
19008
19007
52002
52002
52002
52002
52002
52002
52002
52002
52002
52002
60122
52002
52002
52002
52002
52002
52002
52002
52002
52002
52002
52002
52002
52002
52002
52002
52002
52002
52002
19007
19007
19007
19007
19007
19007
19007
19007
52002
