5402
5501
5502
2902
5902
5502
5501
5502
5501
2902
2904
501
60106
5402
5501
5402
19004
19004
503
61104
60106
60106
5402
5502
5501
5402
5502
5501
5402
5402
5501
5402
5501
5402
5502
5502
5502
5501
5501
5501
5502
5501
5402
5501
5402
5402
5502
5501
5502
5502
5502
510
510
5502
5402
5402
5402
5502
5501
5502
5501
5502
5502
5501
5501
510
19007
19008
19007
19008
19007
19008
19007
19008
19007
19007
19007
19008
19007
19007
19008
19007
19008
19008
19008
19008
19007
19008
19007
19007
19007
19008
19007
19008
19007
19007
19007
19008
19007
19007
19007
19007
19008
19007
19008
19008
19007
19007
19007
19007
19008
19007
19007
19007
19007
19007
19007
19007
19007
19007
19008
19008
19007
19007
19007
19007
19007
19008
19007
19007
19007
19007
19008
19007
19007
19007
19007
19008
19007
19007
19007
19008
19007
19007
19007
19007
19007
19007
19007
19008
19007
19008
19007
19007
19007
19007
19007
19007
19009
19008
19008
19007
19008
19007
19007
19007
19007
19007
19007
19007
19008
19007
19007
19007
19007
19007
19008
19007
19008
19008
19008
19007
19007
19007
19008
19009
19008
5502
5501
5402
5402
510
5501
5502
5501
5402
60106
60106
60106
60106
60106
5403
5502
5502
2904
2901
5901
502
5502
5501
5502
5501
506
2904
5502
5501
2902
5501
2904
5402
5501
5501
5502
5502
5502
5502
5402
5501
5402
5402
5501
5402
5501
5501
5402
5402
5502
5501
5501
502
5502
5501
5402
5501
5402
5402
5502
5502
5502
502
510
19007
19007
19008
19007
19008
19007
19008
19008
19007
19007
19007
19007
19007
19008
19008
19007
19008
19008
19008
19008
19008
19008
19008
19008
19008
19008
19008
19007
19007
19008
19007
19007
19007
19007
19008
19008
19008
19007
19007
19007
19007
19008
19008
19008
19007
19008
19007
19007
19008
19008
19008
19007
19008
19007
19007
19007
19007
19008
19008
19007
19008
19007
19007
19007
19007
19007
19007
19007
19007
19007
19007
19007
19007
19007
19007
19007
19007
19007
19007
19007
19007
19007
19007
19007
19008
19007
19007
19007
19007
19007
19008
19007
19008
19008
19007
19007
19008
19007
19007
19008
19007
19008
19007
19008
19007
19007
19007
19007
19008
19008
19007
19007
19007
19007
19007
19007
19008
19007
19007
19008
19007
19009
510
5402
5502
5402
5402
5501
5402
5501
5501
60106
506
60106
60106
5501
5501
5402
5502
5501
2902
5502
5501
510
510
2901
5502
60106
60106
60642
5402
5402
5402
5501
5501
5502
5402
5502
5501
5402
5501
5502
5402
5402
510
510
5502
5501
5502
5502
502
5402
5501
5502
5402
5502
5502
5502
5402
5501
5501
5502
510
510
502
5501
5402
5502
5402
5501
5402
5501
5502
5501
5502
5402
5501
5502
5502
5502
502
19007
19007
19007
19007
19008
19008
19008
19007
19008
19008
19007
19008
19007
19007
19008
19007
19007
19007
19008
19007
19008
19007
19007
19008
19007
19008
19007
19007
19007
19007
19007
19008
19008
19007
19007
19007
19007
19007
19008
19007
19007
19007
19008
19008
19007
19007
19007
19007
19008
19007
19007
19007
19008
19008
19008
19007
19007
19008
19008
19007
19007
19007
19007
19008
19007
19007
19007
19007
19007
19007
19007
19007
19009
19007
19007
19007
19007
19007
19008
19008
19008
19007
19007
19007
19007
19008
19008
19007
19007
19007
19007
19007
19007
19007
19007
19007
19007
19008
19007
19007
19008
19007
19007
19008
19008
19007
19007
19008
19007
19007
19007
19007
19008
19007
19007
19007
19007
19008
19007
19008
19008
19008
19008
19008
19007
19007
19008
19007
510
510
5502
502
5502
